429.8125,427.9609375
462.40625,426.4114685058594
456.1979064941406,544.171875
459.3020935058594,655.734375
392.5625,427.9609375
394.1145935058594,550.3698120117188
397.21875,661.9323120117188
429.8125,365.9817810058594
429.8125,304.0025939941406
423.6041564941406,285.4088439941406
422.0520935058594,259.0677185058594
394.1145935058594,321.046875
369.28125,389.2239685058594
355.3125,452.7525939941406
467.0625,322.5963439941406
490.34375,389.2239685058594
498.1041564941406,449.6536560058594

429.8125,428.40625
462.40625,426.8541564941406
456.1979064941406,544.8125
460.8541564941406,655.0104370117188
392.5625,428.40625
394.1145935058594,551.0208129882812
397.21875,662.7708129882812
429.8125,366.3229064941406
429.8125,304.2395935058594
423.6041564941406,285.6145935058594
422.0520935058594,259.2291564941406
394.1145935058594,321.3125
369.28125,389.6041564941406
355.3125,453.2395935058594
467.0625,322.8645935058594
490.34375,389.6041564941406
498.1041564941406,450.1354064941406

427.1111145019531,428.0677185058594
462.8888854980469,426.5104064941406
456.6666564941406,544.8645629882812
458.22222900390625,652.3176879882812
394.4444580078125,426.5104064941406
394.4444580078125,551.09375
397.5555419921875,663.21875
433.3333435058594,368.890625
428.6666564941406,308.15625
422.4444580078125,283.2395935058594
422.4444580078125,258.3229064941406
396.0,322.171875
369.5555419921875,389.1354064941406
354.0,451.4270935058594
464.4444580078125,322.171875
489.3333435058594,390.6927185058594
497.1111145019531,451.4270935058594

427.1111145019531,427.5025939941406
462.8888854980469,425.9427185058594
456.6666564941406,544.4948120117188
458.22222900390625,652.1276245117188
394.4444580078125,425.9427185058594
394.4444580078125,550.734375
397.5555419921875,663.046875
433.3333435058594,368.2265625
428.6666564941406,307.390625
420.8888854980469,283.9921875
422.4444580078125,257.4739685058594
396.0,321.4296875
369.5555419921875,388.5052185058594
354.0,450.9010314941406
464.4444580078125,324.5494689941406
489.3333435058594,390.0650939941406
497.1111145019531,450.9010314941406

427.1111145019531,427.6328125
462.8888854980469,426.078125
456.6666564941406,544.234375
458.22222900390625,654.6171875
394.4444580078125,426.078125
394.4444580078125,550.453125
397.5555419921875,662.390625
433.3333435058594,368.5546875
428.6666564941406,307.921875
420.8888854980469,284.6015625
422.4444580078125,258.171875
396.0,321.9140625
369.5555419921875,388.765625
354.0,450.953125
464.4444580078125,321.9140625
489.3333435058594,390.3203125
497.1111145019531,450.953125

428.8125,427.40625
461.40625,425.8541564941406
455.1979064941406,543.8125
459.8541564941406,654.0104370117188
391.5625,427.40625
393.1145935058594,550.0208129882812
397.7708435058594,663.3229370117188
430.3645935058594,369.9791564941406
428.8125,306.34375
422.6041564941406,287.71875
422.6041564941406,259.78125
396.21875,320.3125
368.28125,388.6041564941406
354.3125,452.2395935058594
466.0625,321.8645935058594
490.8958435058594,390.15625
495.5520935058594,450.6875

426.6041564941406,430.34375
461.90277099609375,425.734375
455.7638854980469,545.578125
460.3680419921875,651.59375
394.375,428.8072814941406
394.375,551.7239379882812
395.90972900390625,663.8854370117188
431.2083435058594,367.3489685058594
431.2083435058594,305.890625
423.53472900390625,282.84375
423.53472900390625,258.2604064941406
394.375,321.2552185058594
369.8194580078125,388.859375
357.5416564941406,453.390625
468.0416564941406,321.2552185058594
491.51202392578125,392.38232421875
494.1319580078125,448.78125

426.6180419921875,427.5025939941406
462.4757080078125,425.9427185058594
456.2395935058594,544.4948120117188
457.7986145019531,652.1276245117188
393.87847900390625,425.9427185058594
393.87847900390625,550.734375
396.99652099609375,663.046875
432.8541564941406,368.2265625
431.2951354980469,307.390625
421.94097900390625,282.4322814941406
421.94097900390625,257.4739685058594
395.4375,321.4296875
368.93402099609375,388.5052185058594
356.4617919921875,450.9010314941406
464.03472900390625,321.4296875
488.9791564941406,390.0650939941406
495.21527099609375,452.4609375

426.6180419921875,427.5025939941406
462.4757080078125,425.9427185058594
456.2395935058594,544.4948120117188
457.7986145019531,655.2473754882812
393.87847900390625,425.9427185058594
393.87847900390625,550.734375
396.99652099609375,663.046875
432.8541564941406,368.2265625
431.2951354980469,307.390625
421.94097900390625,282.4322814941406
421.94097900390625,257.4739685058594
395.4375,321.4296875
368.93402099609375,388.5052185058594
356.4617919921875,450.9010314941406
464.03472900390625,324.5494689941406
488.9791564941406,390.0650939941406
495.21527099609375,452.4609375

425.0833435058594,429.2578125
462.0833435058594,426.1796875
455.9166564941406,546.2265625
457.4583435058594,652.421875
394.25,429.2578125
394.25,552.3828125
395.7916564941406,664.734375
431.25,367.6953125
431.25,306.1328125
423.5416564941406,283.046875
423.5416564941406,258.421875
394.25,321.5234375
369.5833435058594,389.2421875
357.25,450.8046875
466.7083435058594,319.984375
486.75,389.2421875
494.4583435058594,449.265625

425.0833435058594,429.2578125
462.0833435058594,426.1796875
455.9166564941406,546.2265625
457.4583435058594,652.421875
394.25,429.2578125
394.25,552.3828125
395.7916564941406,664.734375
431.25,367.6953125
431.25,306.1328125
423.5416564941406,283.046875
423.5416564941406,258.421875
394.25,321.5234375
369.5833435058594,389.2421875
357.25,450.8046875
466.7083435058594,319.984375
488.2916564941406,393.859375
492.9166564941406,450.8046875

425.5763854980469,429.2578125
462.4930419921875,426.1796875
456.34027099609375,543.1484375
457.87847900390625,652.421875
390.1979064941406,430.796875
394.8125,552.3828125
396.3507080078125,664.734375
431.7291564941406,367.6953125
431.7291564941406,306.1328125
420.9617919921875,283.046875
424.0382080078125,258.421875
394.8125,321.5234375
368.6632080078125,387.703125
357.8958435058594,450.8046875
462.4930419921875,321.5234375
488.6423645019531,393.859375
493.2569580078125,450.8046875

425.0833435058594,426.625
460.5416564941406,425.0833435058594
455.9166564941406,543.7916870117188
460.5416564941406,653.25
394.25,426.625
394.25,553.0416870117188
395.7916564941406,665.5833129882812
431.25,368.0416564941406
431.25,306.375
423.5416564941406,283.25
423.5416564941406,258.5833435058594
394.25,321.7916564941406
368.0416564941406,388.0833435058594
357.25,448.2083435058594
463.625,320.25
486.75,389.625
492.9166564941406,451.2916564941406

425.0833435058594,429.2578125
460.5416564941406,424.640625
455.9166564941406,543.1484375
460.5416564941406,652.421875
394.25,429.2578125
394.25,552.3828125
395.7916564941406,664.734375
431.25,367.6953125
431.25,306.1328125
423.5416564941406,283.046875
423.5416564941406,258.421875
394.25,321.5234375
368.0416564941406,387.703125
357.25,447.7265625
466.7083435058594,319.984375
488.2916564941406,393.859375
492.9166564941406,450.8046875

425.0833435058594,429.7083435058594
460.5416564941406,425.0833435058594
455.9166564941406,543.7916870117188
460.5416564941406,653.25
394.25,426.625
394.25,553.0416870117188
395.7916564941406,665.5833129882812
431.25,368.0416564941406
431.25,303.2916564941406
423.5416564941406,283.25
423.5416564941406,258.5833435058594
394.25,321.7916564941406
368.0416564941406,388.0833435058594
357.25,448.2083435058594
463.625,320.25
488.2916564941406,388.0833435058594
492.9166564941406,451.2916564941406

425.0833435058594,429.7083435058594
460.5416564941406,425.0833435058594
455.9166564941406,543.7916870117188
460.5416564941406,653.25
394.25,429.7083435058594
394.25,553.0416870117188
395.7916564941406,665.5833129882812
431.25,368.0416564941406
431.25,303.2916564941406
423.5416564941406,283.25
423.5416564941406,258.5833435058594
394.25,321.7916564941406
368.0416564941406,388.0833435058594
357.25,445.125
463.625,320.25
488.2916564941406,388.0833435058594
494.4583435058594,449.75

425.0833435058594,429.7083435058594
460.5416564941406,425.0833435058594
455.9166564941406,543.7916870117188
460.5416564941406,653.25
394.25,429.7083435058594
394.25,549.9583129882812
395.7916564941406,665.5833129882812
431.25,368.0416564941406
431.25,303.2916564941406
420.4583435058594,283.25
423.5416564941406,258.5833435058594
394.25,321.7916564941406
368.0416564941406,388.0833435058594
357.25,445.125
463.625,320.25
488.2916564941406,388.0833435058594
494.4583435058594,449.75

425.0833435058594,429.7083435058594
460.5416564941406,425.0833435058594
455.9166564941406,543.7916870117188
460.5416564941406,653.25
394.25,426.625
394.25,553.0416870117188
395.7916564941406,665.5833129882812
431.25,368.0416564941406
431.25,303.2916564941406
423.5416564941406,283.25
423.5416564941406,258.5833435058594
394.25,321.7916564941406
368.0416564941406,388.0833435058594
357.25,445.125
463.625,320.25
488.2916564941406,388.0833435058594
494.4583435058594,449.75

424.5763854980469,429.2578125
461.4930419921875,426.1796875
455.34027099609375,543.1484375
459.9548645019531,652.421875
393.8125,429.2578125
393.8125,552.3828125
395.3507080078125,664.734375
430.7291564941406,367.6953125
430.7291564941406,306.1328125
423.0382080078125,283.046875
423.0382080078125,258.421875
393.8125,321.5234375
367.6632080078125,387.703125
356.8958435058594,444.6484375
463.03125,319.984375
487.6423645019531,387.703125
493.7951354980469,449.265625

424.5763854980469,429.2578125
459.9548645019531,424.640625
455.34027099609375,543.1484375
459.9548645019531,652.421875
393.8125,426.1796875
393.8125,552.3828125
395.3507080078125,664.734375
430.7291564941406,367.6953125
430.7291564941406,306.1328125
423.0382080078125,283.046875
423.0382080078125,258.421875
393.8125,321.5234375
367.6632080078125,387.703125
356.8958435058594,444.6484375
463.03125,319.984375
487.6423645019531,387.703125
493.7951354980469,449.265625

423.6180419921875,427.7421875
459.4757080078125,426.1822814941406
453.2395935058594,544.734375
461.03472900390625,652.3671875
392.4375,427.7421875
392.4375,552.5338745117188
397.1145935058594,663.2864379882812
429.8541564941406,365.3463439941406
429.8541564941406,306.0703125
423.6180419921875,284.2317810058594
422.05902099609375,257.7135314941406
393.99652099609375,320.109375
367.4930419921875,387.1849060058594
356.5798645019531,444.9010314941406
465.7117919921875,320.109375
487.5382080078125,388.7447814941406
492.21527099609375,449.5807189941406

423.125,427.1875
460.625,427.1875
452.8125,544.375
460.625,652.1875
391.875,427.1875
391.875,552.1875
396.5625,663.125
429.375,367.8125
429.375,305.3125
423.125,283.4375
423.125,258.4375
391.875,320.9375
366.875,386.5625
359.0625,444.375
465.3125,319.375
490.3125,388.125
491.875,449.0625

422.6180419921875,427.296875
460.03472900390625,427.296875
453.7986145019531,545.6510620117188
460.03472900390625,651.546875
391.4375,427.296875
392.99652099609375,550.3229370117188
397.6736145019531,664.0051879882812
428.8541564941406,368.1197814941406
428.8541564941406,305.828125
422.6180419921875,284.0260314941406
422.6180419921875,259.109375
392.99652099609375,319.84375
366.4930419921875,386.8072814941406
358.6979064941406,444.4270935058594
464.7117919921875,319.84375
489.65625,388.3645935058594
491.21527099609375,449.0989685058594

423.6666564941406,425.7395935058594
459.4444580078125,427.296875
453.22222900390625,545.6510620117188
459.4444580078125,651.546875
391.0,427.296875
392.5555419921875,550.3229370117188
397.22222900390625,664.0051879882812
428.3333435058594,365.0052185058594
428.3333435058594,305.828125
422.1111145019531,284.0260314941406
422.1111145019531,259.109375
392.5555419921875,319.84375
366.1111145019531,386.8072814941406
358.3333435058594,444.4270935058594
464.1111145019531,319.84375
489.0,388.3645935058594
492.1111145019531,450.65625

423.6666564941406,425.7395935058594
457.8888854980469,425.7395935058594
454.77777099609375,544.09375
459.4444580078125,654.6614379882812
391.0,427.296875
391.0,551.8801879882812
397.22222900390625,664.0051879882812
428.3333435058594,365.0052185058594
428.3333435058594,305.828125
422.1111145019531,284.0260314941406
420.5555419921875,257.5520935058594
392.5555419921875,319.84375
366.1111145019531,386.8072814941406
358.3333435058594,444.4270935058594
464.1111145019531,319.84375
489.0,388.3645935058594
492.1111145019531,450.65625

421.6180419921875,426.7421875
457.4757080078125,425.1822814941406
454.3576354980469,543.734375
459.03472900390625,654.4869995117188
390.4375,426.7421875
391.99652099609375,549.9739379882812
396.6736145019531,663.8463745117188
427.8541564941406,364.3463439941406
427.8541564941406,305.0703125
421.6180419921875,283.2317810058594
421.6180419921875,258.2734375
390.4375,320.6692810058594
365.4930419921875,386.1849060058594
354.5798645019531,443.9010314941406
465.2708435058594,320.6692810058594
488.65625,387.7447814941406
491.7742919921875,450.140625

425.2951354980469,426.1822814941406
458.03472900390625,427.7421875
453.3576354980469,544.734375
458.03472900390625,652.3671875
389.4375,427.7421875
390.99652099609375,550.9739379882812
397.2326354980469,663.2864379882812
426.8541564941406,365.3463439941406
426.8541564941406,306.0703125
420.6180419921875,284.2317810058594
420.6180419921875,259.2734375
394.1145935058594,320.109375
364.4930419921875,387.1849060058594
356.6979064941406,444.9010314941406
464.2708435058594,321.6692810058594
487.65625,388.7447814941406
489.21527099609375,446.4609375

424.8125,425.625
457.625,427.1875
452.9375,544.375
457.625,655.3125
388.875,427.1875
390.4375,550.625
396.6875,663.125
426.375,364.6875
426.375,305.3125
420.125,283.4375
420.125,258.4375
393.5625,319.375
365.4375,388.125
357.625,445.9375
463.875,320.9375
487.3125,388.125
490.4375,450.625

425.375,427.1875
456.625,427.1875
451.9375,544.375
458.1875,656.875
387.875,427.1875
392.5625,550.625
395.6875,663.125
426.9375,369.375
425.375,305.3125
419.125,283.4375
419.125,258.4375
394.125,320.9375
364.4375,388.125
356.625,449.0625
462.875,320.9375
487.875,389.6875
494.125,449.0625

423.84722900390625,425.953125
456.8055419921875,427.5234375
452.09722900390625,545.296875
456.8055419921875,653.6484375
387.75,427.5234375
392.4583435058594,551.578125
395.59722900390625,664.640625
426.9861145019531,369.421875
425.4166564941406,305.0390625
419.1388854980469,283.0546875
419.1388854980469,257.9296875
394.02777099609375,320.7421875
364.2083435058594,388.265625
354.7916564941406,451.078125
463.0833435058594,320.7421875
488.1944580078125,389.8359375
489.7638854980469,451.078125

420.6875,426.625
456.625,428.1875
451.9375,545.375
456.625,653.1875
387.875,428.1875
389.4375,551.625
395.6875,664.125
425.375,365.6875
425.375,303.1875
419.125,284.4375
419.125,259.4375
392.5625,320.375
364.4375,389.125
351.9375,451.625
462.875,321.9375
486.3125,389.125
492.5625,451.625

418.6319580078125,427.6328125
456.21527099609375,427.6328125
451.5173645019531,545.015625
457.78125,651.4426879882812
387.3125,427.6328125
392.0104064941406,551.2760620117188
395.1423645019531,663.9635620117188
424.8958435058594,368.1588439941406
424.8958435058594,305.5546875
418.6319580078125,283.6432189941406
418.6319580078125,258.6015625
392.0104064941406,319.640625
363.8229064941406,388.5052185058594
351.2951354980469,451.109375
462.4791564941406,321.2057189941406
487.53472900390625,390.0703125
492.2326354980469,451.109375

419.1979064941406,426.625
455.21527099609375,428.1875
450.5173645019531,545.375
461.4791564941406,653.1875
386.3125,428.1875
391.0104064941406,551.625
397.2742919921875,664.125
425.4617919921875,364.125
423.8958435058594,303.1875
419.1979064941406,282.875
419.1979064941406,257.875
391.0104064941406,320.375
362.8229064941406,389.125
353.4270935058594,451.625
461.4791564941406,321.9375
486.53472900390625,390.6875
492.7986145019531,450.0625

419.1770935058594,426.625
453.4757080078125,426.625
450.3576354980469,545.375
461.2708435058594,653.1875
384.87847900390625,426.625
391.1145935058594,551.625
397.3507080078125,664.125
425.4132080078125,364.125
423.8541564941406,303.1875
417.6180419921875,281.3125
417.6180419921875,259.4375
387.99652099609375,320.375
363.0520935058594,389.125
350.5798645019531,451.625
461.2708435058594,321.9375
486.21527099609375,390.6875
492.4513854980469,450.0625

416.6180419921875,427.296875
454.03472900390625,427.296875
449.3576354980469,544.09375
460.2708435058594,654.6614379882812
385.4375,427.296875
390.1145935058594,550.3229370117188
396.3507080078125,662.4479370117188
424.4132080078125,369.6770935058594
422.8541564941406,302.7135314941406
418.1770935058594,282.46875
416.6180419921875,259.109375
390.1145935058594,319.84375
362.0520935058594,388.3645935058594
349.5798645019531,450.65625
460.2708435058594,324.515625
485.21527099609375,389.921875
491.4513854980469,449.0989685058594

416.6180419921875,427.7421875
454.03472900390625,427.7421875
449.3576354980469,544.734375
460.2708435058594,655.4869995117188
383.87847900390625,426.1822814941406
390.1145935058594,550.9739379882812
396.3507080078125,663.2864379882812
424.4132080078125,363.7864685058594
422.8541564941406,302.9505310058594
418.1770935058594,282.671875
416.6180419921875,259.2734375
386.99652099609375,320.109375
362.0520935058594,388.7447814941406
349.5798645019531,451.140625
460.2708435058594,324.7890625
485.21527099609375,390.3046875
489.8923645019531,451.140625

417.6319580078125,428.1875
450.5173645019531,426.625
448.9513854980469,543.8125
459.9132080078125,651.625
381.6145935058594,426.625
387.87847900390625,551.625
397.2742919921875,664.125
423.8958435058594,365.6875
422.3298645019531,301.625
417.6319580078125,281.3125
416.06597900390625,257.875
387.87847900390625,320.375
361.2569580078125,387.5625
348.7291564941406,450.0625
455.21527099609375,321.9375
484.96875,389.125
488.1007080078125,451.625

417.6319580078125,427.6328125
450.5173645019531,426.0677185058594
447.3854064941406,545.015625
459.9132080078125,651.4426879882812
380.0486145019531,427.6328125
387.87847900390625,551.2760620117188
397.2742919921875,663.9635620117188
423.8958435058594,365.0286560058594
419.1979064941406,300.859375
416.06597900390625,282.078125
412.93402099609375,257.0364685058594
386.3125,321.2057189941406
361.2569580078125,386.9400939941406
348.7291564941406,452.6744689941406
455.21527099609375,321.2057189941406
481.8367919921875,388.5052185058594
488.1007080078125,451.109375

416.0729064941406,425.953125
449.1041564941406,427.5234375
447.53125,545.296875
460.1145935058594,652.078125
379.8958435058594,427.5234375
387.7604064941406,551.578125
397.1979064941406,664.640625
423.9375,367.8515625
417.6458435058594,305.0390625
412.9270935058594,281.484375
412.9270935058594,256.359375
386.1875,320.7421875
361.0208435058594,389.8359375
348.4375,452.6484375
455.3958435058594,323.8828125
480.5625,389.8359375
488.4270935058594,451.078125

416.65972900390625,426.859375
448.2569580078125,426.859375
446.6770935058594,545.21875
459.31597900390625,652.53125
378.7430419921875,430.015625
386.6423645019531,551.53125
397.7013854980469,663.578125
422.9791564941406,366.890625
418.2395935058594,305.34375
411.9201354980469,280.09375
411.9201354980469,261.15625
385.0625,322.703125
359.78472900390625,388.984375
347.1458435058594,452.109375
452.99652099609375,324.28125
479.8541564941406,388.984375
487.75347900390625,450.53125

415.0382080078125,425.640625
447.34027099609375,427.1796875
447.34027099609375,544.1484375
458.1076354980469,653.421875
379.65972900390625,427.1796875
385.8125,553.3828125
396.5798645019531,665.734375
422.7291564941406,365.6171875
418.1145935058594,302.515625
410.4236145019531,279.4296875
411.9617919921875,259.421875
384.2742919921875,320.984375
359.6632080078125,388.703125
347.3576354980469,450.265625
451.9548645019531,320.984375
479.6423645019531,388.703125
485.7951354980469,450.265625

416.0833435058594,426.625
446.9166564941406,426.625
446.9166564941406,543.7916870117188
457.7083435058594,653.25
379.0833435058594,426.625
385.25,553.0416870117188
397.5833435058594,664.0416870117188
422.25,364.9583435058594
416.0833435058594,303.2916564941406
409.9166564941406,278.625
411.4583435058594,258.5833435058594
385.25,321.7916564941406
359.0416564941406,388.0833435058594
346.7083435058594,449.75
451.5416564941406,320.25
479.2916564941406,388.0833435058594
485.4583435058594,449.75

414.5763854980469,426.734375
445.34027099609375,426.734375
445.34027099609375,543.5051879882812
457.6458435058594,654.1301879882812
377.65972900390625,426.734375
385.3507080078125,554.2604370117188
396.1180419921875,663.3489379882812
420.7291564941406,365.2760314941406
416.1145935058594,302.28125
408.4236145019531,279.234375
409.9617919921875,259.2604064941406
383.8125,322.2552185058594
357.6632080078125,388.3229064941406
346.8958435058594,451.3177185058594
449.9548645019531,320.71875
477.6423645019531,388.3229064941406
483.7951354980469,449.78125

414.0694580078125,426.734375
444.7638854980469,426.734375
444.7638854980469,543.5051879882812
458.5763854980469,652.59375
377.2361145019531,426.734375
387.9791564941406,554.2604370117188
395.65277099609375,663.3489379882812
420.2083435058594,365.2760314941406
414.0694580078125,303.8177185058594
407.9305419921875,279.234375
409.46527099609375,259.2604064941406
381.84027099609375,320.71875
357.28472900390625,388.3229064941406
346.5416564941406,451.3177185058594
449.3680419921875,320.71875
476.9930419921875,388.3229064941406
483.1319580078125,449.78125

412.0694580078125,429.8072814941406
444.2986145019531,425.1979064941406
444.2986145019531,548.1145629882812
456.5763854980469,652.59375
375.2361145019531,429.8072814941406
387.5138854980469,552.7239379882812
393.65277099609375,663.3489379882812
418.2083435058594,365.2760314941406
413.6041564941406,302.28125
407.46527099609375,277.6979064941406
407.46527099609375,259.2604064941406
381.375,322.2552185058594
356.8194580078125,389.859375
344.5416564941406,451.3177185058594
447.3680419921875,320.71875
474.9930419921875,388.3229064941406
481.1319580078125,449.78125

411.5763854980469,426.734375
443.87847900390625,425.1979064941406
442.34027099609375,543.5051879882812
459.2604064941406,652.59375
374.65972900390625,426.734375
386.96527099609375,552.7239379882812
394.65625,664.8854370117188
417.7291564941406,365.2760314941406
411.5763854980469,303.8177185058594
405.4236145019531,279.234375
406.9617919921875,259.2604064941406
379.2742919921875,320.71875
354.6632080078125,388.3229064941406
343.8958435058594,451.3177185058594
446.9548645019531,320.71875
474.6423645019531,388.3229064941406
479.2569580078125,448.2447814941406

411.0833435058594,429.7083435058594
443.4583435058594,425.0833435058594
446.5416564941406,542.25
458.875,653.25
374.0833435058594,429.7083435058594
386.4166564941406,553.0416870117188
392.5833435058594,664.0416870117188
417.25,364.9583435058594
411.0833435058594,303.2916564941406
404.9166564941406,278.625
404.9166564941406,260.125
380.25,321.7916564941406
355.5833435058594,389.625
343.25,454.375
443.4583435058594,320.25
474.2916564941406,388.0833435058594
477.375,449.75

410.0833435058594,427.625
445.5416564941406,426.0833435058594
445.5416564941406,543.25
457.875,654.25
374.625,426.0833435058594
385.4166564941406,554.0416870117188
397.75,661.9583129882812
416.25,365.9583435058594
408.5416564941406,302.75
403.9166564941406,279.625
402.375,259.5833435058594
377.7083435058594,321.25
353.0416564941406,389.0833435058594
342.25,452.2916564941406
442.4583435058594,321.25
471.75,387.5416564941406
477.9166564941406,449.2083435058594

409.59027099609375,427.0703125
445.12847900390625,425.5260314941406
445.12847900390625,542.890625
457.4895935058594,654.078125
372.5069580078125,430.1588439941406
384.8680419921875,553.7005004882812
397.2291564941406,661.7994995117188
415.7708435058594,365.2994689941406
408.0451354980469,301.984375
401.8645935058594,277.2760314941406
401.8645935058594,258.7447814941406
377.1423645019531,320.515625
352.4201354980469,388.4635314941406
341.6041564941406,454.8671875
442.0382080078125,320.515625
471.3958435058594,386.9192810058594
476.03125,450.234375

409.59027099609375,430.1588439941406
445.12847900390625,425.5260314941406
445.12847900390625,542.890625
457.4895935058594,654.078125
372.5069580078125,430.1588439941406
384.8680419921875,553.7005004882812
397.2291564941406,661.7994995117188
415.7708435058594,365.2994689941406
404.9548645019531,301.984375
398.7742919921875,277.2760314941406
398.7742919921875,258.7447814941406
372.5069580078125,322.0599060058594
349.3298645019531,388.4635314941406
336.96875,456.4114685058594
438.9479064941406,320.515625
471.3958435058594,386.9192810058594
472.94097900390625,450.234375

409.59027099609375,427.515625
445.12847900390625,425.96875
445.12847900390625,543.53125
457.4895935058594,654.90625
372.5069580078125,430.609375
384.8680419921875,554.359375
395.68402099609375,661.09375
414.2257080078125,364.09375
404.9548645019531,302.21875
398.7742919921875,277.46875
398.7742919921875,258.90625
372.5069580078125,322.328125
347.78472900390625,390.390625
335.4236145019531,455.359375
438.9479064941406,320.78125
471.3958435058594,387.296875
471.3958435058594,449.171875

408.59027099609375,427.0703125
444.12847900390625,425.5260314941406
444.12847900390625,542.890625
458.03472900390625,652.5338745117188
371.5069580078125,430.1588439941406
385.4132080078125,555.2448120117188
396.2291564941406,664.8880004882812
413.2257080078125,363.7552185058594
402.40972900390625,303.5286560058594
396.2291564941406,278.8203125
396.2291564941406,260.2890625
371.5069580078125,322.0599060058594
346.78472900390625,390.0078125
335.96875,456.4114685058594
437.9479064941406,320.515625
470.3958435058594,386.9192810058594
470.3958435058594,448.6900939941406

408.59027099609375,427.515625
444.12847900390625,425.96875
444.12847900390625,543.53125
458.03472900390625,653.359375
371.5069580078125,427.515625
384.96063232421875,550.8125610351562
396.2291564941406,662.640625
410.1354064941406,364.09375
400.8645935058594,302.21875
394.68402099609375,277.46875
394.68402099609375,258.90625
371.5069580078125,322.328125
346.78472900390625,390.390625
334.4236145019531,455.359375
434.8576354980469,320.78125
470.3958435058594,384.203125
470.3958435058594,446.078125

407.59027099609375,427.515625
443.12847900390625,425.96875
444.6736145019531,541.984375
457.03472900390625,653.359375
376.6875,427.515625
389.0486145019531,551.265625
395.2291564941406,662.640625
409.1354064941406,364.09375
399.8645935058594,302.21875
393.68402099609375,277.46875
393.68402099609375,258.90625
370.5069580078125,322.328125
345.78472900390625,390.390625
334.96875,456.90625
433.8576354980469,320.78125
467.8507080078125,382.65625
467.8507080078125,444.53125

409.3333435058594,428.4114685058594
445.1111145019531,423.7395935058594
445.1111145019531,542.09375
459.1111145019531,649.546875
376.6666564941406,429.96875
384.4444580078125,552.9948120117188
396.8888854980469,665.1198120117188
409.3333435058594,363.0052185058594
396.8888854980469,303.828125
390.6666564941406,282.0260314941406
390.6666564941406,260.2239685058594
367.3333435058594,324.0729064941406
345.5555419921875,392.59375
334.6666564941406,459.5572814941406
432.6666564941406,317.84375
465.3333435058594,384.8072814941406
465.3333435058594,447.0989685058594

414.0208435058594,429.5104064941406
443.5104064941406,424.8541564941406
445.0625,541.2604370117188
457.4791564941406,649.90625
376.7708435058594,429.5104064941406
384.53125,549.0208129882812
395.3958435058594,665.4270629882812
407.8125,364.3229064941406
395.3958435058594,302.2395935058594
389.1875,280.5104064941406
389.1875,261.8854064941406
365.90625,325.5208435058594
344.1770935058594,393.8125
333.3125,460.5520935058594
431.09375,319.3125
463.6875,382.9479064941406
465.2395935058594,449.6875

412.40625,430.703125
444.8541564941406,426.0703125
444.8541564941406,540.3463745117188
457.21527099609375,648.4453125
375.3229064941406,430.703125
387.68402099609375,554.2448120117188
395.40972900390625,663.8880004882812
407.7708435058594,364.2994689941406
395.40972900390625,302.5286560058594
389.2291564941406,280.9088439941406
389.2291564941406,259.2890625
364.5069580078125,324.1484375
341.3298645019531,393.640625
333.6041564941406,460.0442810058594
430.9479064941406,319.515625
463.3958435058594,382.8307189941406
463.3958435058594,447.6900939941406

412.9513854980469,427.0703125
443.8541564941406,423.9817810058594
445.3992919921875,542.890625
456.21527099609375,649.4453125
375.8680419921875,430.1588439941406
388.2291564941406,550.6119995117188
394.40972900390625,664.8880004882812
408.31597900390625,363.7552185058594
394.40972900390625,303.5286560058594
388.2291564941406,281.9088439941406
388.2291564941406,260.2890625
363.5069580078125,325.1484375
340.3298645019531,394.640625
332.6041564941406,461.0442810058594
431.4930419921875,318.9713439941406
462.3958435058594,383.8307189941406
462.3958435058594,445.6015625

411.9513854980469,429.609375
444.3992919921875,424.96875
447.4895935058594,542.53125
456.7604064941406,647.71875
374.8680419921875,429.609375
387.2291564941406,553.359375
394.9548645019531,666.28125
405.7708435058594,364.640625
393.40972900390625,302.765625
387.2291564941406,281.109375
387.2291564941406,262.546875
364.0520935058594,325.96875
337.78472900390625,395.578125
331.6041564941406,460.546875
428.9479064941406,319.78125
461.3958435058594,383.203125
461.3958435058594,448.171875

410.9513854980469,426.625
443.3992919921875,425.0833435058594
448.03472900390625,540.7083129882812
455.7604064941406,647.0833129882812
373.8680419921875,429.7083435058594
386.2291564941406,553.0416870117188
397.0451354980469,665.5833129882812
406.31597900390625,363.4166564941406
392.40972900390625,303.2916564941406
386.2291564941406,281.7083435058594
386.2291564941406,263.2083435058594
363.0520935058594,326.4166564941406
336.78472900390625,395.7916564941406
330.6041564941406,460.5416564941406
429.4930419921875,318.7083435058594
460.3958435058594,383.4583435058594
460.3958435058594,445.125

410.4861145019531,427.515625
443.0069580078125,425.96875
447.65277099609375,538.890625
455.3958435058594,648.71875
373.3194580078125,430.609375
385.7083435058594,551.265625
398.09722900390625,662.640625
405.84027099609375,364.09375
391.90277099609375,303.765625
385.7083435058594,282.109375
385.7083435058594,263.546875
360.9305419921875,325.421875
336.15277099609375,396.578125
331.5069580078125,463.09375
429.0694580078125,319.234375
460.0416564941406,384.203125
455.3958435058594,444.53125

410.4166564941406,427.1796875
442.7916564941406,425.640625
448.9583435058594,542.609375
455.125,647.265625
373.4166564941406,430.2578125
385.75,553.3828125
398.0833435058594,664.1953125
405.7916564941406,364.078125
391.9166564941406,304.0546875
385.75,282.5078125
385.75,264.0390625
359.5416564941406,327.140625
336.4166564941406,396.3984375
328.7083435058594,462.578125
428.9166564941406,316.3671875
458.2083435058594,382.546875
453.5833435058594,442.5703125

409.9513854980469,427.0703125
442.3992919921875,425.5260314941406
453.21527099609375,541.3463745117188
454.7604064941406,647.9010620117188
372.8680419921875,430.1588439941406
385.2291564941406,550.6119995117188
397.59027099609375,664.8880004882812
405.31597900390625,363.7552185058594
391.40972900390625,303.5286560058594
385.2291564941406,281.9088439941406
385.2291564941406,263.3775939941406
360.5069580078125,328.2369689941406
335.78472900390625,399.2734375
329.6041564941406,464.1328125
428.4930419921875,318.9713439941406
459.3958435058594,383.8307189941406
453.21527099609375,442.5130310058594

409.4166564941406,427.0703125
444.875,425.5260314941406
452.5833435058594,541.3463745117188
454.125,647.9010620117188
373.9583435058594,431.703125
384.75,550.6119995117188
397.0833435058594,664.8880004882812
404.7916564941406,363.7552185058594
390.9166564941406,303.5286560058594
384.75,281.9088439941406
384.75,263.3775939941406
360.0833435058594,328.2369689941406
335.4166564941406,399.2734375
329.25,464.1328125
427.9166564941406,315.8828125
457.2083435058594,382.2864685058594
451.0416564941406,437.8802185058594

409.9513854980469,426.515625
442.3992919921875,424.96875
453.21527099609375,540.984375
451.6701354980469,647.71875
374.4132080078125,431.15625
385.2291564941406,550.265625
397.59027099609375,664.734375
405.31597900390625,363.09375
391.40972900390625,305.859375
385.2291564941406,284.203125
383.68402099609375,264.09375
360.5069580078125,327.515625
335.78472900390625,398.671875
329.6041564941406,463.640625
428.4930419921875,318.234375
454.7604064941406,381.65625
447.03472900390625,435.796875

409.9513854980469,429.609375
442.3992919921875,424.96875
453.21527099609375,540.984375
448.5798645019531,647.71875
374.4132080078125,431.15625
385.2291564941406,550.265625
397.59027099609375,664.734375
405.31597900390625,363.09375
391.40972900390625,305.859375
386.7742919921875,282.65625
385.2291564941406,262.546875
360.5069580078125,327.515625
335.78472900390625,398.671875
329.6041564941406,463.640625
428.4930419921875,318.234375
453.21527099609375,380.109375
445.4895935058594,437.34375

410.4861145019531,429.609375
443.0069580078125,424.96875
453.84722900390625,540.984375
447.65277099609375,649.265625
373.3194580078125,429.609375
385.7083435058594,550.265625
398.09722900390625,664.734375
405.84027099609375,363.09375
391.90277099609375,305.859375
387.2569580078125,282.65625
385.7083435058594,262.546875
360.9305419921875,327.515625
336.15277099609375,398.671875
328.40972900390625,462.09375
429.0694580078125,318.234375
452.2986145019531,381.65625
441.4583435058594,432.703125

410.9513854980469,426.515625
443.3992919921875,424.96875
452.6701354980469,542.53125
448.03472900390625,649.265625
373.8680419921875,429.609375
386.2291564941406,550.265625
398.59027099609375,664.734375
406.31597900390625,363.09375
392.40972900390625,302.765625
387.7742919921875,282.65625
386.2291564941406,262.546875
361.5069580078125,327.515625
336.78472900390625,398.671875
329.05902099609375,462.09375
429.4930419921875,318.234375
449.5798645019531,381.65625
437.21875,431.15625

411.4861145019531,425.9609375
444.0069580078125,424.4114685058594
453.2986145019531,542.171875
448.65277099609375,649.0859375
374.3194580078125,429.0599060058594
386.7083435058594,553.0182495117188
399.09722900390625,664.5807495117188
406.84027099609375,362.4322814941406
392.90277099609375,305.1015625
388.2569580078125,281.859375
386.7083435058594,261.7161560058594
361.9305419921875,326.7942810058594
337.15277099609375,398.0703125
326.3125,461.5989685058594
430.0694580078125,317.4974060058594
448.65277099609375,382.5755310058594
431.6180419921875,430.609375

411.0208435058594,428.5104064941406
443.6145935058594,423.8541564941406
452.9270935058594,541.8125
448.2708435058594,648.90625
375.3229064941406,430.0625
386.1875,552.6770629882812
398.6041564941406,664.4270629882812
409.46875,361.7708435058594
392.3958435058594,304.34375
390.84375,281.0625
387.7395935058594,262.4375
361.3541564941406,326.0729064941406
336.5208435058594,397.46875
328.7604064941406,461.1041564941406
429.6458435058594,316.7604064941406
448.2708435058594,381.9479064941406
429.6458435058594,428.5104064941406

411.5555419921875,427.9609375
442.6666564941406,424.8515625
450.4444580078125,541.453125
442.6666564941406,651.8359375
375.77777099609375,429.515625
386.6666564941406,552.3359375
397.5555419921875,665.828125
410.0,361.109375
394.4444580078125,305.140625
391.3333435058594,280.265625
388.22222900390625,261.609375
361.77777099609375,325.3515625
336.8888854980469,396.8671875
329.1111145019531,460.609375
428.6666564941406,317.578125
448.8888854980469,384.4296875
425.5555419921875,429.515625

411.5555419921875,427.9609375
442.6666564941406,424.8515625
448.8888854980469,543.0078125
444.22222900390625,653.390625
375.77777099609375,429.515625
386.6666564941406,552.3359375
397.5555419921875,665.828125
410.0,361.109375
394.4444580078125,305.140625
394.4444580078125,280.265625
391.3333435058594,261.609375
361.77777099609375,325.3515625
336.8888854980469,396.8671875
329.1111145019531,460.609375
430.22222900390625,316.0234375
448.8888854980469,381.3203125
428.6666564941406,423.296875

413.1111145019531,428.515625
442.6666564941406,423.8515625
448.8888854980469,542.0078125
442.6666564941406,650.8359375
375.77777099609375,428.515625
386.6666564941406,551.3359375
394.4444580078125,664.828125
411.5555419921875,364.7734375
394.4444580078125,304.140625
394.4444580078125,279.265625
394.4444580078125,260.609375
361.77777099609375,324.3515625
336.8888854980469,395.8671875
330.6666564941406,454.9453125
431.77777099609375,316.578125
448.8888854980469,380.3203125
430.22222900390625,423.8515625

413.49652099609375,428.703125
442.8541564941406,424.0703125
449.03472900390625,544.5234375
444.3992919921875,651.078125
376.4132080078125,428.703125
387.2291564941406,550.7005004882812
394.9548645019531,663.4323120117188
411.9513854980469,362.2994689941406
394.9548645019531,305.1614685058594
398.0451354980469,280.453125
393.40972900390625,260.3775939941406
364.0520935058594,323.6927185058594
337.78472900390625,393.1849060058594
330.05902099609375,453.4114685058594
432.0382080078125,317.515625
449.03472900390625,377.7421875
432.0382080078125,422.5260314941406

414.5729064941406,428.0625
444.0625,426.5104064941406
450.2708435058594,544.46875
444.0625,653.1145629882812
377.3229064941406,428.0625
388.1875,550.6770629882812
394.3958435058594,662.4270629882812
411.46875,365.9791564941406
399.0520935058594,303.8958435058594
400.6041564941406,280.6145935058594
395.9479064941406,260.4375
364.90625,322.5208435058594
338.5208435058594,392.3645935058594
330.7604064941406,452.8958435058594
433.1979064941406,316.3125
450.2708435058594,379.9479064941406
431.6458435058594,423.40625

414.0208435058594,426.5104064941406
445.0625,426.5104064941406
451.2708435058594,544.46875
443.5104064941406,651.5625
378.3229064941406,428.0625
387.6354064941406,552.2291870117188
395.3958435058594,662.4270629882812
414.0208435058594,364.4270935058594
400.0520935058594,303.8958435058594
403.15625,279.0625
400.0520935058594,260.4375
365.90625,322.5208435058594
339.5208435058594,392.3645935058594
333.3125,451.34375
434.1979064941406,316.3125
451.2708435058594,379.9479064941406
432.6458435058594,426.5104064941406

414.09027099609375,428.5260314941406
445.2708435058594,425.4114685058594
449.9479064941406,545.3229370117188
445.2708435058594,652.7760620117188
378.2326354980469,426.96875
389.1458435058594,549.9948120117188
395.3819580078125,662.1198120117188
412.53125,364.6770935058594
400.05902099609375,302.3854064941406
407.8541564941406,279.0260314941406
400.05902099609375,258.78125
370.4375,322.6302185058594
339.2569580078125,394.265625
334.5798645019531,451.8854064941406
437.4757080078125,314.84375
453.06597900390625,377.1354064941406
432.7986145019531,422.296875

416.6492919921875,427.421875
446.2708435058594,425.8619689941406
450.9479064941406,545.9739379882812
444.7117919921875,652.046875
379.2326354980469,427.421875
388.5867919921875,552.2135620117188
396.3819580078125,662.9661254882812
413.53125,365.0260314941406
401.05902099609375,302.6302185058594
408.8541564941406,279.2317810058594
402.6180419921875,257.3932189941406
369.87847900390625,321.3489685058594
341.81597900390625,389.984375
334.0208435058594,450.8203125
438.4757080078125,315.109375
457.18402099609375,383.7447814941406
432.2395935058594,421.1822814941406

416.09027099609375,426.4114685058594
447.2708435058594,423.296875
447.2708435058594,544.765625
445.7117919921875,652.21875
380.2326354980469,427.96875
386.46875,552.5520629882812
395.8229064941406,664.6770629882812
414.53125,365.6770935058594
403.6180419921875,301.828125
411.4132080078125,284.6979064941406
405.1770935058594,259.78125
370.87847900390625,322.0729064941406
342.81597900390625,390.59375
336.5798645019531,446.65625
439.4757080078125,315.84375
459.7430419921875,382.8072814941406
434.7986145019531,423.296875

416.0208435058594,426.0599060058594
447.0625,422.9609375
448.6145935058594,545.3698120117188
445.5104064941406,650.734375
380.3229064941406,427.609375
389.6354064941406,551.5676879882812
395.84375,663.1301879882812
411.3645935058594,365.6302185058594
405.15625,303.6510314941406
416.0208435058594,283.5078125
408.2604064941406,260.265625
372.5625,323.7942810058594
346.1770935058594,390.421875
339.96875,446.203125
440.8541564941406,317.5963439941406
461.03125,384.2239685058594
433.09375,421.4114685058594

416.2673645019531,425.640625
450.1076354980469,425.640625
450.1076354980469,542.609375
445.4930419921875,651.8828125
382.4270935058594,425.640625
390.1180419921875,550.3046875
396.2708435058594,661.1171875
413.19097900390625,364.078125
407.0382080078125,302.515625
420.8819580078125,282.5078125
410.1145935058594,259.421875
373.1979064941406,320.984375
347.0486145019531,387.1640625
340.8958435058594,448.7265625
445.4930419921875,319.4453125
463.9513854980469,384.0859375
433.1875,424.1015625

419.34375,426.0833435058594
451.6458435058594,424.5416564941406
450.1076354980469,543.25
445.4930419921875,652.7083129882812
383.96527099609375,427.625
390.1180419921875,550.9583129882812
394.7326354980469,660.4166870117188
414.7291564941406,365.9583435058594
410.1145935058594,302.75
425.49652099609375,284.25
413.19097900390625,259.5833435058594
376.2742919921875,321.25
347.0486145019531,387.5416564941406
340.8958435058594,446.125
445.4930419921875,316.625
463.9513854980469,384.4583435058594
434.7257080078125,426.0833435058594

417.7916564941406,425.5260314941406
451.7083435058594,425.5260314941406
448.625,542.890625
445.5416564941406,654.078125
385.4166564941406,427.0703125
390.0416564941406,549.0676879882812
393.125,660.2551879882812
416.25,365.2994689941406
411.625,301.984375
428.5833435058594,281.9088439941406
416.25,260.2890625
377.7083435058594,320.515625
348.4166564941406,383.8307189941406
343.7916564941406,444.0572814941406
447.0833435058594,318.9713439941406
465.5833435058594,383.8307189941406
436.2916564941406,425.5260314941406

418.31597900390625,425.5260314941406
452.30902099609375,425.5260314941406
449.21875,542.890625
446.12847900390625,654.078125
385.8680419921875,427.0703125
390.50347900390625,549.0676879882812
393.59375,660.2551879882812
416.7708435058594,365.2994689941406
415.2257080078125,301.984375
433.7673645019531,283.453125
418.31597900390625,258.7447814941406
381.2326354980469,320.515625
348.78472900390625,383.8307189941406
347.2395935058594,444.0572814941406
447.6736145019531,318.9713439941406
467.307861328125,383.37841796875
439.9479064941406,425.5260314941406

420.7916564941406,427.5260314941406
450.0833435058594,422.8932189941406
450.0833435058594,543.3463745117188
443.9166564941406,651.4453125
386.875,427.5260314941406
389.9583435058594,551.0676879882812
394.5833435058594,660.7109375
414.625,365.7552185058594
414.625,303.984375
436.2083435058594,285.453125
419.25,259.2005310058594
382.25,317.8828125
351.4166564941406,382.7421875
349.875,439.8802185058594
450.0833435058594,317.8828125
470.125,384.2864685058594
443.9166564941406,425.9817810058594

421.21875,427.3125
450.3125,422.71875
450.3125,542.15625
444.1875,652.40625
387.53125,427.3125
390.59375,549.8125
395.1875,661.59375
415.09375,366.0625
418.15625,304.8125
438.0625,284.90625
425.8125,260.40625
382.9375,318.59375
352.3125,379.84375
350.78125,439.5625
450.3125,318.59375
474.8125,385.96875
445.71875,427.3125

422.6944580078125,427.4270935058594
451.72222900390625,422.8489685058594
451.72222900390625,544.9323120117188
445.6111145019531,651.7551879882812
386.02777099609375,427.4270935058594
392.1388854980469,549.5104370117188
396.72222900390625,663.9635620117188
416.5833435058594,366.3854064941406
419.6388854980469,305.34375
439.5,282.453125
427.27777099609375,258.0364685058594
386.02777099609375,317.5520935058594
353.9444580078125,380.1197814941406
352.4166564941406,439.6354064941406
451.72222900390625,319.078125
476.1666564941406,386.2239685058594
450.1944580078125,427.4270935058594

420.5833435058594,427.8697814941406
455.72222900390625,423.2838439941406
454.1944580078125,544.046875
445.02777099609375,654.109375
388.5,426.3411560058594
393.0833435058594,550.1614379882812
394.6111145019531,661.7526245117188
417.52777099609375,366.7239685058594
420.5833435058594,305.578125
443.5,285.7057189941406
431.27777099609375,258.1900939941406
388.5,319.3359375
357.9444580078125,380.4817810058594
353.3611145019531,440.0989685058594
455.72222900390625,319.3359375
480.1666564941406,389.6536560058594
449.6111145019531,429.3984375

424.15625,427.8697814941406
456.3125,426.3411560058594
451.71875,544.046875
444.0625,652.5807495117188
388.9375,426.3411560058594
393.53125,550.1614379882812
395.0625,661.7526245117188
418.03125,366.7239685058594
424.15625,305.578125
444.0625,285.7057189941406
431.8125,258.1900939941406
388.9375,319.3359375
358.3125,380.4817810058594
358.3125,438.5703125
456.3125,322.3932189941406
480.8125,389.6536560058594
450.1875,432.4557189941406

425.6736145019531,428.7552185058594
457.90277099609375,424.1536560058594
451.7638854980469,543.7942504882812
445.625,651.1640625
390.375,427.2213439941406
396.5138854980469,546.8619995117188
394.9791564941406,661.9010620117188
419.53472900390625,367.4010314941406
425.6736145019531,306.046875
445.625,286.1067810058594
433.34722900390625,258.4974060058594
391.90972900390625,318.3177185058594
361.21527099609375,379.671875
359.6805419921875,439.4921875
457.90277099609375,322.9192810058594
482.4583435058594,390.4088439941406
457.90277099609375,433.3567810058594

426.12152099609375,427.984375
458.1319580078125,426.4609375
453.55902099609375,543.765625
445.9375,651.9296875
392.5867919921875,427.984375
395.6354064941406,549.859375
392.5867919921875,659.546875
420.0242919921875,367.046875
427.6458435058594,304.5859375
452.03472900390625,286.3046875
433.7430419921875,258.8828125
392.5867919921875,318.296875
362.1007080078125,379.234375
360.5763854980469,438.6484375
458.1319580078125,322.8671875
487.09375,391.421875
459.65625,434.078125

427.125,427.5078125
459.0625,425.984375
452.9791564941406,547.859375
446.8958435058594,651.453125
395.1875,425.984375
395.1875,547.859375
392.1458435058594,657.546875
421.0416564941406,366.5703125
428.6458435058594,304.109375
452.9791564941406,285.828125
439.2916564941406,259.9296875
396.7083435058594,317.8203125
366.2916564941406,378.7578125
361.7291564941406,438.171875
462.1041564941406,322.390625
487.9583435058594,390.9453125
468.1875,438.171875

429.7083435058594,425.484375
462.0833435058594,427.0234375
455.9166564941406,543.9921875
445.125,653.265625
394.25,427.0234375
394.25,547.0703125
392.7083435058594,659.421875
418.9166564941406,365.4609375
431.25,303.8984375
455.9166564941406,288.5078125
442.0416564941406,259.265625
398.875,320.828125
363.4166564941406,380.8515625
363.4166564941406,436.2578125
462.0833435058594,322.3671875
492.9166564941406,393.1640625
475.9583435058594,437.796875

427.59027099609375,427.328125
463.12847900390625,425.78125
453.8576354980469,543.34375
446.1319580078125,653.171875
396.6875,427.328125
396.6875,544.890625
392.0520935058594,660.90625
421.40972900390625,365.453125
433.7708435058594,303.578125
458.4930419921875,288.109375
441.49652099609375,258.71875
401.3229064941406,320.59375
365.78472900390625,377.828125
365.78472900390625,436.609375
464.6736145019531,322.140625
495.5763854980469,390.203125
483.21527099609375,433.515625

430.09722900390625,426.328125
462.6180419921875,424.78125
454.875,543.890625
444.03472900390625,653.71875
399.125,426.328125
399.125,543.890625
392.9305419921875,658.359375
423.90277099609375,364.453125
436.2916564941406,305.671875
459.5208435058594,288.65625
442.4861145019531,262.359375
403.7708435058594,319.59375
368.15277099609375,379.921875
366.6041564941406,437.15625
462.6180419921875,325.78125
498.2361145019531,389.203125
492.0416564941406,435.609375

431.46527099609375,428.1979064941406
465.2291564941406,428.1979064941406
456.0208435058594,544.96875
448.34722900390625,650.984375
399.2361145019531,426.6614685058594
397.7013854980469,544.96875
393.09722900390625,657.1301879882812
425.3263854980469,366.7395935058594
437.6041564941406,305.28125
459.09027099609375,286.84375
448.34722900390625,260.7239685058594
403.84027099609375,317.5729064941406
373.1458435058594,379.03125
368.5416564941406,435.8802185058594
466.7638854980469,322.1822814941406
498.9930419921875,391.3229064941406
498.9930419921875,434.34375

431.9305419921875,427.6614685058594
467.2291564941406,429.1979064941406
456.4861145019531,544.4323120117188
445.7430419921875,650.4479370117188
401.2361145019531,424.5885314941406
399.7013854980469,545.96875
393.5625,656.59375
425.7916564941406,366.203125
438.0694580078125,304.7447814941406
461.09027099609375,287.84375
450.34722900390625,261.7239685058594
407.375,317.0364685058594
375.1458435058594,380.03125
372.0763854980469,435.34375
468.7638854980469,323.1822814941406
504.0625,392.3229064941406
505.59722900390625,430.734375

434.4236145019531,427.1015625
465.1875,427.1015625
457.49652099609375,545.609375
446.7291564941406,651.8046875
403.65972900390625,424.0234375
397.5069580078125,544.0703125
392.8923645019531,656.421875
428.2708435058594,365.5390625
440.5763854980469,303.9765625
463.6492919921875,287.046875
451.34375,262.421875
408.2742919921875,317.828125
377.5104064941406,379.390625
374.43402099609375,434.796875
466.7257080078125,323.984375
506.71875,391.703125
514.4097290039062,430.1796875

436.8645935058594,426.96875
467.7673645019531,426.96875
456.9513854980469,546.078125
444.59027099609375,651.265625
402.87152099609375,426.96875
401.3263854980469,542.984375
393.6007080078125,655.90625
430.68402099609375,365.09375
443.0451354980469,303.21875
463.1319580078125,289.296875
452.31597900390625,259.90625
409.0520935058594,315.59375
378.1492919921875,377.46875
376.6041564941406,437.796875
469.3125,323.328125
507.94097900390625,389.84375
524.9375,425.421875

437.1875,425.3984375
467.8125,425.3984375
457.09375,546.1614379882812
443.3125,651.6380004882812
405.03125,423.8697814941406
400.4375,541.5755004882812
389.71875,650.109375
431.0625,364.2525939941406
443.3125,303.1067810058594
466.28125,289.3489685058594
455.5625,260.3046875
412.6875,318.3932189941406
377.46875,374.953125
377.46875,436.0989685058594
467.8125,321.4505310058594
510.6875,385.6536560058594
533.65625,417.7552185058594

436.50347900390625,424.640625
467.2673645019531,424.640625
459.5763854980469,546.2265625
445.7326354980469,652.421875
405.7395935058594,424.640625
402.6632080078125,541.609375
390.3576354980469,652.421875
428.8125,364.6171875
445.7326354980469,301.515625
467.2673645019531,289.203125
453.4236145019531,263.0390625
414.96875,313.828125
381.12847900390625,375.390625
379.59027099609375,435.4140625
470.34375,319.984375
510.3367919921875,381.546875
541.1007080078125,412.328125

438.5625,426.3020935058594
469.6041564941406,426.3020935058594
457.1875,544.2604370117188
446.3229064941406,651.3541870117188
407.5208435058594,423.1979064941406
402.8645935058594,539.6041870117188
390.4479064941406,651.3541870117188
432.3541564941406,364.21875
444.7708435058594,302.1354064941406
469.6041564941406,289.71875
457.1875,261.78125
415.28125,316.1041564941406
382.6875,376.6354064941406
384.2395935058594,434.0625
469.6041564941406,320.7604064941406
513.0625,382.84375
550.3125,404.5729064941406

440.3125,428.0677185058594
466.875,426.5025939941406
460.625,545.4505004882812
446.5625,653.4426879882812
409.0625,421.8072814941406
404.375,539.1901245117188
390.3125,647.1823120117188
435.625,363.8984375
446.5625,302.859375
471.5625,290.3385314941406
460.625,260.6015625
415.3125,315.3802185058594
385.625,376.4192810058594
385.625,432.7630310058594
473.125,320.0755310058594
516.875,379.5494689941406
559.0625,396.765625

438.8333435058594,426.4166564941406
470.5,426.4166564941406
459.4166564941406,545.1666870117188
446.75,652.8333129882812
408.75,424.8333435058594
405.5833435058594,538.8333129882812
388.1666564941406,644.9166870117188
432.5,363.0833435058594
445.1666564941406,302.9166564941406
470.5,290.25
459.4166564941406,260.1666564941406
418.25,317.1666564941406
386.5833435058594,374.1666564941406
388.1666564941406,435.9166564941406
470.5,318.75
516.4166870117188,374.1666564941406
570.25,386.8333435058594

441.8333435058594,425.4166564941406
473.5,425.4166564941406
460.8333435058594,545.75
446.5833435058594,651.8333129882812
410.1666564941406,425.4166564941406
403.8333435058594,536.25
389.5833435058594,639.1666870117188
435.5,365.25
448.1666564941406,301.9166564941406
473.5,289.25
460.8333435058594,260.75
418.0833435058594,316.1666564941406
384.8333435058594,374.75
391.1666564941406,431.75
471.9166564941406,316.1666564941406
517.8333129882812,371.5833435058594
574.8333129882812,377.9166564941406

444.84375,423.4010314941406
471.7013854980469,424.9817810058594
460.6423645019531,543.5364379882812
446.4236145019531,652.6067504882812
413.24652099609375,423.4010314941406
406.9270935058594,530.890625
389.5486145019531,639.9609375
433.78472900390625,361.7525939941406
446.4236145019531,301.6849060058594
471.7013854980469,289.0390625
463.8020935058594,259.0052185058594
419.56597900390625,315.9114685058594
389.5486145019531,374.3984375
389.5486145019531,434.4661560058594
471.7013854980469,314.3307189941406
515.9375,364.9140625
579.1319580078125,364.9140625

442.7083435058594,426.1119689941406
474.2361145019531,426.1119689941406
461.625,545.8515625
447.4375,651.4114379882812
415.90972900390625,424.5364685058594
406.4513854980469,531.671875
387.53472900390625,638.8073120117188
436.40277099609375,363.0911560058594
449.0138854980469,300.0703125
474.2361145019531,290.6171875
463.2013854980469,260.6822814941406
419.0625,317.4010314941406
391.1492004394531,375.2338562011719
392.2638854980469,435.5650939941406
469.5069580078125,311.0989685058594
518.375,359.9400939941406
583.0069580078125,355.2135314941406

444.1041564941406,425.9817810058594
475.7013854980469,425.9817810058594
461.4826354980469,544.5364379882812
445.68402099609375,652.0260620117188
417.24652099609375,424.4010314941406
407.7673645019531,531.890625
387.2291564941406,634.6380004882812
437.78472900390625,362.7525939941406
450.4236145019531,299.5234375
475.7013854980469,290.0390625
464.6423645019531,260.0052185058594
420.40625,316.9114685058594
391.96875,380.140625
393.5486145019531,435.4661560058594
470.9617919921875,310.5885314941406
518.357666015625,354.8489685058594
584.7117919921875,342.203125

443.1041564941406,427.1432189941406
474.7013854980469,427.1432189941406
462.0625,544.1171875
443.1041564941406,654.7682495117188
417.8263854980469,423.9817810058594
411.5069580078125,528.3098754882812
386.2291564941406,632.6380004882812
436.78472900390625,363.9140625
449.4236145019531,300.6849060058594
476.28125,289.6197814941406
468.3819580078125,262.7474060058594
419.40625,314.9114685058594
392.5486145019531,376.5599060058594
397.2882080078125,435.046875
474.7013854980469,310.1692810058594
518.9375,348.1067810058594
588.451416015625,332.2994689941406

446.5,424.4166564941406
471.8333435058594,424.4166564941406
459.1666564941406,544.75
446.5,652.4166870117188
416.4166564941406,422.8333435058594
413.25,530.5
384.75,631.8333129882812
440.1666564941406,361.0833435058594
452.8333435058594,300.9166564941406
476.5833435058594,289.8333435058594
465.5,262.9166564941406
421.1666564941406,316.75
391.0833435058594,378.5
400.5833435058594,435.5
473.4166564941406,308.8333435058594
522.5,342.0833435058594
590.5833129882812,321.5

443.9791564941406,424.5364685058594
473.9305419921875,422.9609375
459.7430419921875,544.2760620117188
443.9791564941406,651.4114379882812
417.1805419921875,422.9609375
417.1805419921875,526.9453125
385.65277099609375,630.9296875
440.8263854980469,361.515625
448.7083435058594,300.0703125
475.5069580078125,292.1927185058594
467.625,262.2578125
421.90972900390625,317.4010314941406
391.9583435058594,378.8463439941406
402.9930419921875,437.140625
473.9305419921875,306.3724060058594
522.798583984375,336.3072814941406
592.1597290039062,311.0989685058594

444.3645935058594,423.96875
472.8020935058594,423.96875
460.1632080078125,543.90625
442.78472900390625,652.796875
417.5069580078125,422.390625
417.5069580078125,526.546875
385.90972900390625,627.546875
441.2048645019531,360.84375
449.1041564941406,299.296875
475.9617919921875,291.40625
468.0625,261.421875
422.24652099609375,316.65625
392.2291564941406,378.203125
404.8680419921875,435.015625
474.3819580078125,305.609375
524.9375,327.703125
589.7117919921875,297.71875

448.3125,425.2421875
475.0520935058594,423.671875
459.3229064941406,543.015625
442.0208435058594,654.5078125
418.4270935058594,423.671875
421.5729064941406,530.453125
385.3958435058594,626.2421875
442.0208435058594,362.4296875
448.3125,299.6171875
478.1979064941406,291.765625
467.1875,261.9296875
423.1458435058594,318.4609375
396.40625,379.703125
408.9895935058594,436.234375
473.4791564941406,305.8984375
523.8125,321.6015625
593.0208129882812,290.1953125

447.77777099609375,423.96875
472.6666564941406,423.96875
461.77777099609375,543.8801879882812
443.1111145019531,652.890625
419.77777099609375,423.96875
424.4444580078125,528.3073120117188
387.1111145019531,627.9739379882812
441.5555419921875,361.6770935058594
450.8888854980469,299.3854064941406
478.8888854980469,286.9270935058594
469.5555419921875,262.0104064941406
422.8888854980469,318.0729064941406
393.3333435058594,378.8072814941406
407.3333435058594,436.4270935058594
472.6666564941406,305.6145935058594
524.0,313.4010314941406
592.4444580078125,282.2552185058594

447.34722900390625,422.78125
472.4583435058594,422.78125
461.47222900390625,543.4948120117188
444.2083435058594,654.8020629882812
422.2361145019531,422.78125
423.8055419921875,527.8176879882812
386.1388854980469,628.1510620117188
442.6388854980469,361.640625
448.9166564941406,298.9322814941406
478.7361145019531,291.09375
467.75,261.3072814941406
423.8055419921875,317.7447814941406
397.125,378.8854064941406
409.6805419921875,435.3229064941406
472.4583435058594,303.6354064941406
522.6805419921875,309.90625
587.0277709960938,276.984375

446.9548645019531,422.78125
472.0104064941406,422.78125
461.0486145019531,543.4948120117188
443.8229064941406,654.8020629882812
421.8992919921875,422.78125
428.1632080078125,529.3854370117188
385.8819580078125,625.015625
442.2569580078125,361.640625
448.5208435058594,298.9322814941406
479.84027099609375,289.5260314941406
472.0104064941406,259.7395935058594
423.46527099609375,317.7447814941406
396.84375,378.8854064941406
410.9375,436.890625
472.0104064941406,303.6354064941406
523.6875,302.0677185058594
584.7604370117188,272.28125

448.1041564941406,424.171875
471.8020935058594,422.59375
460.7430419921875,544.109375
441.78472900390625,654.578125
422.8263854980469,424.171875
429.1458435058594,528.328125
391.2291564941406,623.015625
443.3645935058594,359.46875
449.68402099609375,302.65625
478.12152099609375,290.03125
471.8020935058594,264.78125
422.8263854980469,320.015625
399.12847900390625,378.40625
410.1875,436.796875
471.8020935058594,302.65625
522.357666015625,296.34375
580.8125,269.515625

448.0833435058594,423.5
470.25,423.5
459.1666564941406,545.4166870117188
444.9166564941406,651.5
425.9166564941406,423.5
427.5,526.4166870117188
391.0833435058594,626.1666870117188
444.9166564941406,360.1666564941406
452.8333435058594,298.4166564941406
478.1666564941406,288.9166564941406
471.8333435058594,263.5833435058594
427.5,320.5833435058594
400.5833435058594,379.1666564941406
413.25,436.1666564941406
471.8333435058594,301.5833435058594
517.75,296.8333435058594
577.9166870117188,265.1666564941406

447.28125,423.859375
471.1875,422.2682189941406
460.03125,544.7864379882812
444.09375,652.984375
424.96875,423.859375
432.9375,527.2838745117188
394.6875,625.9348754882812
444.09375,360.2135314941406
452.0625,301.3411560058594
479.15625,290.203125
471.1875,263.1536560058594
426.5625,320.4349060058594
402.65625,379.3072814941406
415.40625,436.5885314941406
471.1875,301.3411560058594
515.8125,291.7942810058594
574.78125,264.7447814941406

448.46875,423.859375
470.78125,423.859375
461.21875,544.7864379882812
443.6875,654.5755004882812
426.15625,423.859375
430.9375,527.2838745117188
394.28125,627.5260620117188
443.6875,361.8046875
450.0625,298.1588439941406
480.34375,290.203125
470.78125,264.7447814941406
426.15625,322.0260314941406
403.84375,379.3072814941406
413.40625,436.5885314941406
469.1875,298.1588439941406
513.8125,291.7942810058594
571.1875,263.1536560058594

449.4826354980469,425.21875
471.8923645019531,425.21875
460.6875,545.140625
443.0798645019531,655.46875
423.87152099609375,425.21875
428.6736145019531,529.1510620117188
396.65972900390625,625.0885620117188
446.28125,361.2604064941406
447.8819580078125,298.9010314941406
478.2951354980469,290.90625
471.8923645019531,265.3229064941406
427.0729064941406,322.8854064941406
404.6632080078125,380.4479064941406
415.8680419921875,436.4114685058594
467.09027099609375,298.9010314941406
510.30902099609375,290.90625
567.9340209960938,258.9270935058594

448.4826354980469,425.125
472.4930419921875,423.5208435058594
459.6875,545.4375
446.8819580078125,654.5208129882812
426.0729064941406,425.125
432.4757080078125,527.7916870117188
402.0625,625.6458129882812
445.28125,360.9583435058594
451.68402099609375,303.2083435058594
477.2951354980469,290.375
470.8923645019531,264.7083435058594
426.0729064941406,322.4583435058594
406.8645935058594,380.2083435058594
414.8680419921875,436.3541564941406
466.09027099609375,301.6041564941406
509.30902099609375,290.375
563.732666015625,258.2916564941406

447.8958435058594,424.671875
471.9583435058594,423.0703125
459.125,544.7890625
444.6875,655.296875
428.6458435058594,424.671875
431.8541564941406,527.171875
402.9791564941406,623.265625
444.6875,360.609375
452.7083435058594,301.3515625
476.7708435058594,290.140625
470.3541564941406,264.515625
428.6458435058594,322.171875
407.7916564941406,381.4296875
415.8125,437.484375
470.3541564941406,296.546875
505.6458435058594,290.140625
563.3958129882812,258.109375

450.9444580078125,424.03125
471.8888854980469,422.421875
459.0,544.734375
446.1111145019531,654.171875
428.3888854980469,424.03125
433.22222900390625,528.640625
407.4444580078125,625.203125
446.1111145019531,361.265625
450.9444580078125,301.71875
478.3333435058594,290.453125
471.8888854980469,264.703125
428.3888854980469,321.03125
407.4444580078125,380.578125
415.5,436.90625
471.8888854980469,296.890625
502.5,288.84375
560.5,256.65625

449.7361145019531,426.0599060058594
469.8680419921875,421.4114685058594
460.5763854980469,545.3698120117188
443.5416564941406,655.3828125
429.6041564941406,427.609375
431.15277099609375,531.4244995117188
407.9236145019531,625.9426879882812
443.5416564941406,364.0807189941406
449.7361145019531,302.1015625
479.15972900390625,291.2552185058594
468.3194580078125,264.9140625
429.6041564941406,322.2447814941406
412.5694580078125,379.5755310058594
418.7638854980469,435.3567810058594
468.3194580078125,299.0025939941406
500.84027099609375,291.2552185058594
555.0416870117188,258.7161560058594

451.8020935058594,428.0625
471.9791564941406,423.40625
459.5625,544.46875
447.1458435058594,653.1145629882812
428.5208435058594,426.5104064941406
434.7291564941406,532.0520629882812
409.8958435058594,625.1770629882812
447.1458435058594,364.4270935058594
447.1458435058594,299.2395935058594
478.1875,289.9270935058594
467.3229064941406,266.6458435058594
428.5208435058594,320.96875
409.8958435058594,379.9479064941406
416.1041564941406,438.9270935058594
465.7708435058594,299.2395935058594
496.8125,289.9270935058594
552.6875,255.78125

449.1111145019531,428.0625
472.4444580078125,423.40625
460.0,544.46875
447.5555419921875,653.1145629882812
428.8888854980469,426.5104064941406
435.1111145019531,532.0520629882812
416.4444580078125,622.0729370117188
446.0,365.9791564941406
447.5555419921875,302.34375
478.6666564941406,289.9270935058594
466.22222900390625,265.09375
428.8888854980469,324.0729064941406
410.22222900390625,383.0520935058594
421.1111145019531,440.4791564941406
466.22222900390625,299.2395935058594
497.3333435058594,289.9270935058594
553.3333129882812,255.78125

451.22222900390625,426.96875
471.4444580078125,425.4114685058594
459.0,543.765625
446.5555419921875,652.7760620117188
432.5555419921875,426.96875
434.1111145019531,531.3073120117188
415.4444580078125,621.6301879882812
445.0,364.6770935058594
451.22222900390625,302.3854064941406
476.1111145019531,289.9270935058594
466.77777099609375,265.0104064941406
427.8888854980469,322.6302185058594
413.8888854980469,383.3645935058594
421.6666564941406,437.8697814941406
465.22222900390625,300.828125
494.77777099609375,289.9270935058594
552.3333129882812,257.2239685058594

451.0486145019531,426.2135314941406
469.84027099609375,423.078125
458.87847900390625,540.65625
444.78472900390625,655.0989379882812
432.2569580078125,426.2135314941406
432.2569580078125,529.6823120117188
421.2951354980469,622.1770629882812
444.78472900390625,363.5052185058594
449.4826354980469,302.3645935058594
477.6701354980469,289.8229064941406
465.1423645019531,264.7395935058594
430.69097900390625,321.1770935058594
413.46527099609375,382.3177185058594
419.7291564941406,438.7552185058594
463.5763854980469,300.796875
490.1979064941406,289.8229064941406
546.5729370117188,258.46875

450.47222900390625,426.6640625
469.3055419921875,423.5234375
461.4583435058594,541.296875
444.1944580078125,652.7890625
431.6388854980469,426.6640625
433.2083435058594,528.734375
420.65277099609375,622.953125
444.1944580078125,363.8515625
448.90277099609375,302.609375
475.5833435058594,291.6171875
464.59722900390625,264.921875
431.6388854980469,326.1640625
414.375,384.265625
425.3611145019531,439.2265625
463.02777099609375,301.0390625
489.7083435058594,290.046875
544.638916015625,257.0703125

